0S,0C
3744 1
2071 1
26041 1
28017 1
29312 1
9941 1
-9941 -1
2236 1
2148 1
3720 1
3059 1
-9941 -1
2897 1
4277 1
-4277 -1
-4277 -1
8463 1
13064 1
6265 1
13798 1
13782 1
10975 1
19384 1
18668 1
2594 1
334925 1
20313 1
2142 1
2345 1
3820 1
9854 1
5739197 1
2287681 1
3255 1
8705 1
51948 1
118847 1
3112 1
7980 1
5441 1
9863 1
5822 1
3975 1
6827 1
10377 1
6377 1
86069 1
2568 1
10196 1
6439 1
6636 1
-7980 -1
-5441 -1
-9863 -1
-3975 -1
-10377 -1
-3255 -1
-8705 -1
-51948 -1
-118847 -1
-6377 -1
-2568 -1
-86069 -1
-6827 -1
-3112 -1
-5822 -1
-7980 -1
-5441 -1
-8705 -1
-51948 -1
-118847 -1
-6377 -1
-3975 -1
-5822 -1
-9863 -1
-10377 -1
-3112 -1
-3255 -1
-6827 -1
-86069 -1
4274 1
6663 1
-2568 -1
2738 1
-6663 -1
7544 1
87551 1
7293 1
-6663 -1
13686 1
85933 1
28674 1
7466 1
-28674 -1
8213 1
-7544 -1
57420 1
-7544 -1
11563 1
2746 1
587245 1
587122 1
-587245 -1
6210 1
56452 1
10958 1
403466 1
59353 1
355601 1
-28674 -1
13470 1
256556 1
1253697 1
-587245 -1
8463 1
11981 1
3668 1
-10958 -1
-56452 -1
-6210 -1
-355601 -1
-59353 -1
-403466 -1
-8463 -1
-1253697 -1
-3668 -1
4249 1
81852 1
3178 1
-3668 -1
-1253697 -1
-355601 -1
-10958 -1
-6210 -1
-56452 -1
-59353 -1
-8463 -1
-403466 -1
21124 1
245404 1
7685 1
9822 1
83920 1
54525 1
-4249 -1
-7685 -1
-9822 -1
-3178 -1
-21124 -1
-4249 -1
-3178 -1
4022 1
8050 1
8042 1
8168 1
8178 1
8120 1
2421 1
7974 1
3008 1
8182 1
8347 1
8050 1
-8178 -1
-8120 -1
-8042 -1
-8168 -1
-8050 -1
-8347 -1
-8050 -1
-4022 -1
-2421 -1
8034 1
8032 1
2828 1
7974 1
8032 1
8034 1
8034 1
8032 1
8049 1
8348 1
8120 1
8178 1
8042 1
8029 1
8144 1
8129 1
8032 1
8129 1
8145 1
8348 1
3698 1
-8029 -1
-8144 -1
-8178 -1
-8042 -1
-8129 -1
-8032 -1
-7974 -1
-8034 -1
-8034 -1
-8049 -1
-8032 -1
-8120 -1
-8348 -1
-8032 -1
-8034 -1
-8348 -1
-8129 -1
-8145 -1
-8032 -1
4035 1
-9822 -1
-7685 -1
-21124 -1
2021 1
5615 1
2076 1
421332 1
8348 1
8145 1
8129 1
8031 1
8029 1
8050 1
8168 1
7160 1
91798 1
8168 1
8050 1
8029 1
8032 1
8129 1
8145 1
8348 1
8119 1
8034 1
8178 1
8153 1
8042 1
8049 1
8148 1
8148 1
-2421 -1
-8347 -1
-8168 -1
-8050 -1
-8178 -1
-8348 -1
-8120 -1
-8042 -1
-8129 -1
-8050 -1
-4022 -1
-8034 -1
-8034 -1
-7974 -1
-8049 -1
-8034 -1
-8120 -1
-8032 -1
-8032 -1
-8348 -1
-8042 -1
-8129 -1
-8144 -1
-8178 -1
-8032 -1
-8145 -1
-8032 -1
-8029 -1
18870 1
9205 1
7939 1
8139 1
8148 1
8147 1
4224 1
8148 1
8148 1
8139 1
8153 1
8120 1
8050 1
3674 1
8050 1
8148 1
8148 1
8120 1
8042 1
8139 1
2123 1
16765 1
8042 1
8148 1
8148 1
8153 1
8120 1
8132 1
8120 1
8153 1
8148 1
8148 1
8178 1
8049 1
8139 1
22134 1
8168 1
8347 1
8029 1
13302 1
8127 1
8127 1
8168 1
8148 1
8139 1
8029 1
8139 1
8148 1
8168 1
8127 1
8029 1
8050 1
8178 1
8032 1
8148 1
8348 1
8348 1
8147 1
13977 1
2516 1
3623 1
7325 1
191871 1
-8029 -1
-8050 -1
-8168 -1
-8139 -1
-8148 -1
-8139 -1
-8029 -1
-8168 -1
-8148 -1
-8127 -1
-8127 -1
-8029 -1
-13302 -1
-191871 -1
-7325 -1
-3623 -1
-13977 -1
-8147 -1
-8348 -1
-8178 -1
-8127 -1
-8029 -1
-8050 -1
-8168 -1
-13302 -1
-8127 -1
-8029 -1
-8148 -1
-8127 -1
-8029 -1
-8168 -1
-8148 -1
-8139 -1
-8139 -1
-8127 -1
-8178 -1
-8348 -1
-8147 -1
523986 1
29941 1
151010 1
2571 1
-191871 -1
-7325 -1
-13977 -1
-3623 -1
25971 1
10575 1
33774 1
8042 1
8153 1
8148 1
8139 1
8050 1
8029 1
8127 1
8033 1
49214 1
140816 1
8148 1
8348 1
8178 1
8139 1
8148 1
8148 1
8029 1
8032 1
8127 1
8153 1
8130 1
8042 1
8176 1
3186 1
9532 1
91856 1
7798 1
2241 1
162857 1
2322 1
92970 1
52752 1
756976 1
91994 1
74256 1
50096 1
49353 1
5115 1
4220 1
11745 1
159751 1
16987 1
19614 1
11071 1
8729 1
11621 1
8730 1
158660 1
10744 1
