262144000S,0C
484 1
2556 1
4052 1
7525 1
3852 1
9285 1
3040 1
10461 1
4628 1
4591 1
4414 1
4618 1
31530 1
17223 1
41342 1
10019 1
47475 1
29450 1
36054 1
48305 1
22242 1
36432 1
36694 1
35592 1
32429 1
16494 1
40156 1
42869 1
15496 1
7522 1
29993 1
18931 1
22896 1
8262 1
7766 1
7736 1
8187 1
7538 1
50031 1
1188 1
1264 1
1202 1
21667 1
1292 1
1175 1
1147 1
39899 1
7679 1
7858 1
7395 1
18408 1
1135 1
23063 1
1154 1
1299 1
23748 1
1258 1
1279 1
1352 1
1319 1
7625 1
1320 1
37955 1
17372 1
8277 1
7990 1
7689 1
7701 1
8127 1
1320 1
1346 1
1322 1
1292 1
1326 1
1315 1
7695 1
8343 1
1389 1
1317 1
