0S,0C
505753 33
13649 1
12058 1
-54997 -4
82597 1
13656 1
-96253 -2
12261 1
-12261 -1
13648 1
-13648 -1
12146 1
9445 1
-21591 -2
95719 1
-95719 -1
13773 1
-13773 -1
13652 1
-13652 -1
13653 1
13645 1
13646 1
-40944 -3
12152 1
-12152 -1
2456385 1
-2456385 -1
13641 1
13649 1
6264 1
-33554 -3
2261 1
13647 1
-15908 -2
8937 1
-8937 -1
12147 1
-12147 -1
29939 1
4726 1
-34665 -2
1871 1
-1871 -1
7979 1
-7979 -1
13649 1
-13649 -1
13674 1
13669 1
-27343 -2
4796 1
-4796 -1
12152 1
-12152 -1
13655 1
-13655 -1
13649 1
-13649 -1
12638 1
12147 1
-24785 -2
95126 1
-95126 -1
13643 1
-13643 -1
12431 1
4936 1
-17367 -2
13964 1
4210 1
-18174 -2
32214 1
-32214 -1
12148 1
-12148 -1
5812 1
4718 1
-10530 -2
12442 1
-12442 -1
12264 1
-12264 -1
45049 1
7695 1
-52744 -2
6970 1
-6970 -1
13654 1
-13654 -1
13652 1
-13652 -1
8654 1
-8654 -1
33001 1
-33001 -1
12156 1
-12156 -1
49611 1
-49611 -1
15358 1
15031 1
-30389 -2
2882 1
-2882 -1
15343 1
-15343 -1
7673 1
-7673 -1
13334 1
-13334 -1
50018 1
-50018 -1
17514 1
-17514 -1
45383 1
-45383 -1
1604 1
-1604 -1
6264 1
6261 1
-12525 -2
50014 1
-50014 -1
1874 1
-1874 -1
101725 1
-101725 -1
45525 1
-45525 -1
15334 1
-15334 -1
235722 1
-235722 -1
44919 1
-44919 -1
8255 1
-8255 -1
13332 1
-13332 -1
67889 1
15349 1
-83238 -2
37427 1
-37427 -1
13341 1
12388 1
-25729 -2
70076 1
-70076 -1
22935 1
10782 1
-33717 -2
15345 1
9183 1
-24528 -2
84890 1
-84890 -1
13337 1
-13337 -1
70078 1
-70078 -1
15329 1
-15329 -1
15369 1
-15369 -1
13345 1
-13345 -1
51477 1
-51477 -1
74106 1
-74106 -1
74089 1
-74089 -1
74076 1
-74076 -1
15349 1
-15349 -1
99925 1
-99925 -1
13335 1
-13335 -1
69540 1
-69540 -1
15346 1
-15346 -1
15367 1
15369 1
-30736 -2
59750 1
-59750 -1
59714 1
-59714 -1
13340 1
-13340 -1
19439 1
-19439 -1
6269 1
-6269 -1
59706 1
-59706 -1
15356 1
-15356 -1
59713 1
-59713 -1
17077 1
-17077 -1
38125 1
-38125 -1
59731 1
-59731 -1
1871 1
-1871 -1
7844 1
-7844 -1
13339 1
-13339 -1
59680 1
21071 1
-80751 -2
21056 1
-21056 -1
59666 1
-59666 -1
59672 1
-59672 -1
232092 1
-232092 -1
39914 1
-39914 -1
59578 1
-59578 -1
6852 1
-6852 -1
44452 1
-44452 -1
15370 1
-15370 -1
15359 1
-15359 -1
15366 1
-15366 -1
59578 1
-59578 -1
8519 1
-8519 -1
13331 1
-13331 -1
15350 1
54943 1
15346 1
15343 1
-100982 -4
